Alpha101 US Validation Summary
ASOF: 2026-08-11
ADMITTED (2): alpha015, alpha_vol20
REJECTED (40): 40 factors

             admitted  direction  ic_mean    icir  ic_tstat  q_monotonicity  q_spread  ls_sharpe  ls_cagr  half_sample_sign_match  subperiod_sign_ratio
factor                                                                                                                                                 
alpha015         True          1   0.0071  0.1315    2.9484          0.7500    0.0008     0.0683   0.0021                    True                0.8182
alpha_vol20      True         -1  -0.0162 -0.0705   -1.5790          1.0000    0.0034     0.7834   0.1505                    True                0.7273
alpha016        False          1   0.0049  0.0828    1.8564          0.5000    0.0004    -0.3114  -0.0177                    True                0.8182
alpha002        False          1   0.0049  0.0797    1.7884          0.5000    0.0003    -0.4317  -0.0241                    True                0.7273
alpha019        False          1   0.0107  0.0711    1.5536          0.7500    0.0007     0.0686   0.0009                   False                0.6000
alpha012        False          1   0.0055  0.0692    1.5529          0.7500    0.0004    -0.2351  -0.0178                    True                0.7273
alpha026        False          1   0.0058  0.0664    1.4897          0.7500    0.0002    -0.4064  -0.0318                    True                0.6364
alpha021        False          1   0.0073  0.0657    1.4727          0.5000   -0.0008     0.2155   0.0104                    True                0.7273
alpha042        False          1   0.0078  0.0580    1.3007          0.7500    0.0022     0.7818   0.0869                    True                0.7273
alpha004        False          1   0.0082  0.0573    1.2849          0.7500    0.0174     0.1234   0.0075                    True                0.8182
alpha005        False          1   0.0073  0.0533    1.1949          0.7500    0.0010     0.1332   0.0088                   False                0.6364
alpha038        False          1   0.0074  0.0490    1.0985          0.7500    0.0009     0.0592  -0.0007                    True                0.6364
alpha053        False          1   0.0047  0.0388    0.8692          0.5000    0.0005    -0.1393  -0.0180                    True                0.5455
alpha013        False          1   0.0021  0.0339    0.7607          0.7500    0.0002    -0.4919  -0.0278                    True                0.5455
alpha024        False          1   0.0045  0.0270    0.5997          1.0000    0.0014     0.2556   0.0263                    True                0.4545
alpha011        False          1   0.0024  0.0262    0.5877          0.5000    0.0005    -0.1498  -0.0148                    True                0.6364
alpha017        False          1   0.0033  0.0259    0.5798          0.5000    0.0001    -0.3083  -0.0387                   False                0.5455
alpha003        False          1   0.0016  0.0253    0.5664          0.5000    0.0003    -0.3162  -0.0199                    True                0.6364
alpha033        False          1   0.0038  0.0247    0.5550          0.7500    0.0000    -0.2926  -0.0467                   False                0.4545
alpha040        False          1   0.0023  0.0232    0.5200          0.5000    0.0000    -0.3584  -0.0339                   False                0.5455
alpha055        False          1   0.0013  0.0222    0.4982          0.5000    0.0002    -0.6158  -0.0309                   False                0.6364
alpha007        False          1   0.0014  0.0174    0.3857          0.7500    0.0066    -0.1919  -0.0163                   False                0.5455
alpha020        False          1   0.0022  0.0156    0.3491          0.7500    0.0008     0.0330  -0.0026                    True                0.5455
alpha018        False          1   0.0013  0.0098    0.2196          0.7500    0.0002    -0.2298  -0.0312                    True                0.5455
alpha_rev1      False          1   0.0016  0.0096    0.2150          0.5000   -0.0003    -0.3897  -0.0636                   False                0.3636
alpha006        False          1   0.0008  0.0085    0.1902          0.5000    0.0000    -0.4048  -0.0362                   False                0.5455
alpha028        False          1   0.0009  0.0076    0.1635          0.5000    0.0000    -0.3677  -0.0421                   False                0.5455
alpha008        False          1   0.0009  0.0062    0.1388          0.5000    0.0002    -0.2536  -0.0325                   False                0.4545
alpha044        False          1   0.0004  0.0060    0.1350          0.5000   -0.0002    -0.8432  -0.0519                   False                0.4545
alpha101        False          1   0.0008  0.0057    0.1288          0.5000    0.0005    -0.1044  -0.0198                   False                0.6364
alpha014        False          1   0.0003  0.0032    0.0713          0.7500    0.0000    -0.4282  -0.0376                   False                0.4545
alpha009        False         -1  -0.0004 -0.0029   -0.0651          0.5000   -0.0000    -0.3478  -0.0436                   False                0.6364
alpha010        False         -1  -0.0004 -0.0029   -0.0651          0.5000   -0.0000    -0.3478  -0.0436                   False                0.6364
alpha041        False         -1  -0.0005 -0.0037   -0.0821          0.2500    0.0001    -0.2791  -0.0364                   False                0.6364
alpha060        False         -1  -0.0007 -0.0054   -0.1202          0.5000    0.0002    -0.2490  -0.0315                   False                0.7273
alpha046        False         -1  -0.0008 -0.0063   -0.1423          0.5000    0.0040    -0.3955  -0.0443                    True                0.4545
alpha054        False         -1  -0.0025 -0.0195   -0.4373          0.5000    0.0002    -0.3058  -0.0366                   False                0.6364
alpha034        False         -1  -0.0026 -0.0212   -0.4759          0.5000    0.0006    -0.1097  -0.0153                   False                0.4545
alpha049        False         -1  -0.0030 -0.0286   -0.6389          0.5000    0.0058    -0.3655  -0.0346                    True                0.6364
alpha_mom5      False         -1  -0.0061 -0.0330   -0.7404          0.5000    0.0008    -0.0048  -0.0145                   False                0.5455
alpha001        False         -1  -0.0069 -0.0529   -1.1854          0.2500   -0.0261     0.0481  -0.0004                   False                0.4545
alpha022        False         -1  -0.0073 -0.0869   -1.9459          0.5000    0.0009    -0.0423  -0.0055                    True                0.6364